PID
1
2
3
5
7
8
9
10
11
12
13
14
15
17
18
19
20
21
22
24
25
26
27
28
29
31
32
33
34
35
36
37
38
39
40
41
42
43
44
45
46
47
48
53
54
55
66
67
73
93
94
147
148
149
150
151
152
153
154
155
156
157
158
159
181
182
215
306
312
350
367
374
401
457
458
496
718
726
744
746
755
760
774
780
795
801
808
816
910
914
915
921
922
925
996
998
1000
1002
1063
1073
1255
1282
1283
1300
1317
1318
1393
1445
1463
1474
1477
1636
1684
1710
1916
1918
2003
2016
2028
2043
2045
2047
2049
2074
2081
2085
2086
2088
2093
2101
2119
2121
2124
2128
2131
2133
2148
2149
2151
2156
2159
2192
2194
2196
2197
2203
2204
2210
2215
2217
2230
2235
2253
2271
2274
2279
2280
2298
2302
2308
2325
2330
2334
2345
2353
2362
2367
2466
2536
2542
2618
2623
2629
2655
2763
2812
2994
3576
3595
4788
4797
4798
5410
5589
5639
5650
5659
5716
5906
5913
5914
5917
5918
5921
5995
6001
6091
6523
6614
6643
6701
6944
7022
7138
7141
7173
7314
7320
7337
7339
7381
7491
7492
